epoch:0 0.2247  0.5202  0.1424  0.0287  0.169  0.2757  0.2415  0.4041  0.4227  0.0641  0.3247  0.4932
epoch:1 0.4616  0.7343  0.5105  0.0933  0.3392  0.5494  0.3978  0.5746  0.5862  0.1548  0.4658  0.6643
epoch:2 0.507  0.7656  0.5693  0.1029  0.3778  0.5993  0.4237  0.6081  0.6186  0.1598  0.4983  0.7013
epoch:3 0.4964  0.7589  0.5658  0.1141  0.3842  0.5882  0.419  0.6086  0.6202  0.1888  0.5147  0.6962
epoch:4 0.5277  0.7793  0.5991  0.1275  0.4  0.6198  0.4358  0.6259  0.6365  0.2003  0.5223  0.7183
epoch:5 0.5259  0.7812  0.5899  0.1329  0.4029  0.6177  0.4379  0.6309  0.6423  0.2082  0.5317  0.7208
epoch:6 0.5256  0.7866  0.5921  0.1302  0.4034  0.6147  0.4369  0.6283  0.641  0.2205  0.5228  0.7189
epoch:7 0.5325  0.7856  0.5936  0.146  0.3998  0.6286  0.4418  0.6348  0.6468  0.2322  0.5393  0.7265
epoch:8 0.5274  0.782  0.5914  0.1451  0.4145  0.6228  0.4403  0.6389  0.6525  0.2366  0.5524  0.7264
epoch:9 0.5381  0.7898  0.6064  0.1498  0.4225  0.6277  0.4419  0.6393  0.6525  0.239  0.5504  0.7245
epoch:10 0.5276  0.7736  0.5895  0.1537  0.4243  0.6195  0.4376  0.6392  0.6525  0.2687  0.5534  0.7211
epoch:11 0.5356  0.7922  0.6068  0.1519  0.4197  0.6241  0.4429  0.641  0.6537  0.2458  0.5512  0.7242
epoch:12 0.4878  0.7253  0.5443  0.1446  0.4081  0.5885  0.4231  0.6203  0.6342  0.2847  0.5532  0.694
epoch:13 0.5517  0.7937  0.6154  0.1595  0.4291  0.6471  0.4524  0.6546  0.6678  0.2783  0.5567  0.7438
epoch:14 0.5499  0.7935  0.6118  0.1752  0.4256  0.646  0.4531  0.6544  0.6673  0.2835  0.5524  0.7443
epoch:15 0.5598  0.7971  0.6243  0.1726  0.4427  0.6551  0.4566  0.6635  0.6769  0.2853  0.5733  0.7505
epoch:16 0.5418  0.7795  0.6053  0.169  0.4419  0.6337  0.4473  0.651  0.6649  0.2976  0.5681  0.7306
epoch:17 0.5628  0.7976  0.6262  0.1799  0.4399  0.6567  0.4583  0.6626  0.676  0.2816  0.5675  0.7524
epoch:18 0.5641  0.7971  0.6287  0.1673  0.4377  0.6573  0.4617  0.6629  0.6754  0.2661  0.5617  0.7534
epoch:19 0.5691  0.8006  0.6304  0.1696  0.4478  0.6649  0.4638  0.6701  0.6833  0.3028  0.5729  0.7582
epoch:20 0.5714  0.8014  0.6357  0.1758  0.4496  0.667  0.4641  0.6718  0.6849  0.2899  0.5732  0.7606
epoch:21 0.5737  0.8027  0.6397  0.1752  0.4509  0.6702  0.4652  0.6735  0.6869  0.2898  0.5804  0.7631
epoch:22 0.5723  0.8001  0.635  0.1707  0.4506  0.6693  0.4646  0.6746  0.6884  0.2915  0.5817  0.7623
epoch:23 0.5687  0.7974  0.6294  0.1701  0.4432  0.6666  0.465  0.6707  0.6839  0.2799  0.5718  0.7616
epoch:24 0.5735  0.8008  0.6349  0.1713  0.449  0.6702  0.4657  0.6739  0.6873  0.2884  0.5757  0.7644
epoch:25 0.5735  0.8007  0.6357  0.1763  0.4528  0.6717  0.468  0.6766  0.6904  0.296  0.5853  0.7661
epoch:26 0.5762  0.8027  0.6382  0.1728  0.4547  0.6749  0.4677  0.6773  0.6911  0.2952  0.5833  0.7667
epoch:27 0.5695  0.7938  0.6283  0.1815  0.4606  0.6645  0.4649  0.6732  0.6869  0.3139  0.5907  0.7559
epoch:28 0.5769  0.8015  0.6373  0.1797  0.4634  0.6713  0.4678  0.6785  0.6926  0.313  0.5911  0.7644
epoch:29 0.5513  0.7756  0.609  0.1756  0.4599  0.6427  0.4531  0.6606  0.6747  0.3112  0.5895  0.7389
